ck0ngmfoyjka50a46cagrxpig_jpeg.rf.464e9337cf856f949920d77c362ef7af.jpg 168,329,360,379,0
ck0ujxg4qyroe0721yt57ymqa_jpeg.rf.7bdd49718831a151010006fe5be8e765.jpg 460,257,541,320,0
ck0u0raa96fpd0a46z626vh9b_jpeg.rf.8538dab12b4284ffad13f31a47a81f65.jpg 307,215,581,343,0
ck0rplig25z1n0944kpecwx3o_jpeg.rf.fa28cc6ca96951ac60874a57a4d11d92.jpg 309,215,525,339,0
ck0tx7k0tr5rz0794r2twuz1o_jpeg.rf.f92cd676886383f4a1b1cbe152c85984.jpg 256,291,424,424,0
ck0kkgwvk9hhg0701edmbvr7r_jpeg.rf.05ea2784cc80c61894379fd8d73af249.jpg 114,228,186,415,0
ck0ncwdaxhgtf0a46wezybiq2_jpeg.rf.27662963b46681313ba794357f0a8abb.jpg 498,335,635,388,0
ck0kk7o8o5vu70794mj0deixq_jpeg.rf.25e6dc66ef745ca0b64465aa2cc0c7fb.jpg 500,335,635,388,0
ck0rqiv7l57ak0838i1l3rovg_jpeg.rf.eb8a5fa3acfc5a4098a3fb395b115256.jpg 185,269,215,308,0
ck0rp9zh85rbh0944g0fanl6o_jpeg.rf.4c00f40c87241780db483aea6742868c.jpg 499,324,636,383,0
ck0rr6kut5kx30838ethvdv5u_jpeg.rf.3b8c5bc49a47a1f4221a0c8dd211ef42.jpg 448,301,548,336,0
ck0kdvg6tj4hn0a46k06job5k_jpeg.rf.1d137ef9c189db435889ff6190c8a64a.jpg 96,272,335,356,0
ck0oumds8r2ws0794yqsnls8v_jpeg.rf.6779e01ed08332a60b16ad0cf4c439b1.jpg 325,276,406,335,0
ck0ukk30lwlt9070113ad7m2j_jpeg.rf.e33a5979415290487015e2bef858511d.jpg 4,248,163,433,0
ck0m15mtdwdk30848aglnguy1_jpeg.rf.295de6cf6f2ea280d878a496f5f27f18.jpg 166,343,446,388,0
ck0kmrvn590jl0944asem2ofh_jpeg.rf.fdc7a7efd2eaaf55172664cea496c6e9.jpg 314,109,558,343,0
ck0rqlovu6jid0944lyedc9vj_jpeg.rf.72e9cf88351dcaa2ef97f6cb06125b00.jpg 1,83,163,436,0
ck0qb7vltsvwp0a46e656bv6u_jpeg.rf.1bcfbb71cb1cdce3fa4c969742e720c9.jpg 167,339,336,377,0
ck0tsx6f1rqmc08631bs71ker_jpeg.rf.3b13c53433fee93de88ea538df453d3a.jpg 162,343,209,373,0
ck0kl11aa7dlt0838zoqikube_jpeg.rf.c3fe8a15a9e64664b3ba523c78cabc13.jpg 330,369,526,423,0
ck0kmhpz99t9w0701ftiu8jlx_jpeg.rf.34c7146f1b4a7fe50be0aa33cea19e01.jpg 387,302,419,334,0
ck0tzinm26vvi0848hrzkprh2_jpeg.rf.71586ca87a5955357567c326a31e7495.jpg 90,325,144,356,0
ck0t50qh5zfpc0a46o2ppy49w_jpeg.rf.8e9d2aa79a656f4c0ecc6739fa48773d.jpg 210,277,269,315,0
ck0nftsdy5xck0838qb0yk262_jpeg.rf.1039fa07281c3106fd6185158cdd8df1.jpg 107,240,197,417,0
ck0t1umd5jowc0794my89kbsj_jpeg.rf.0508e5b353768f7b8220c61912ec2d9e.jpg 170,272,218,297,0
ck0kkjnqo5xx10794xzpyur0y_jpeg.rf.695f758bc0e17c4bc3fa293d4ee40574.jpg 310,174,540,342,0
ck0neurvn42jv0794al16dzhw_jpeg.rf.a70651c5a175498b36a7502d553b88a0.jpg 93,272,338,353,0
ck0khsg8rangi07215h1hso72_jpeg.rf.c98f2eecf8d2096725b40e66eac6f782.jpg 193,275,210,307,0
ck0t30z1wlpg60838dc6e4lcx_jpeg.rf.4ac01bad6b38ca140ef9f754ed0c109a.jpg 536,279,619,380,0
ck0ovnfap7g9u0848nlx6v59i_jpeg.rf.88f2246f8a5dac82d3f607cd599e76a6.jpg 307,170,498,334,0
ck0kdh8yok8rw08486abmn3z3_jpeg.rf.652736eee078eb799e55ce37770a8f42.jpg 503,334,638,390,0
ck0ty9cx4r9qk0794foscpnun_jpeg.rf.0c688a096376dde17daa1701264fc03b.jpg 493,298,544,334,0
ck0l8cfmgahkk0838nbgj26un_jpeg.rf.fd3041d9a59f4b10fb6a71f197749dcc.jpg 164,321,466,383,0
ck0lyh3mpi04c094450wwwb9g_jpeg.rf.539e61b052691d69cec9fc13a63bd175.jpg 391,282,480,334,0
ck0kdklhl8h7h07015yka75gg_jpeg.rf.39ebd230ff77782737655ad32d40e37a.jpg 430,264,547,325,0
ck0qd7zf9fax10794ucj3kmt5_jpeg.rf.f1fda629a30c89a3379b323989e705ed.jpg 495,279,580,335,0
ck0u00h8m6yow0848u1pohlak_jpeg.rf.39c3213308bb581340a565a4f751beac.jpg 495,260,616,337,0
ck0k9dg0vjxcg0848rmqzl38w_jpeg.rf.fe64a243aa96eb6d5f4096f58e5367c9.jpg 126,263,251,417,0
ck0txvaz6ub6h09447ux3qyyt_jpeg.rf.c54117f70c30d42a192a17a6c2a5389a.jpg 178,272,211,305,0
ck0qba5yvh45x0944qw0oaamw_jpeg.rf.8603af86c6ce34d54eb678824dc1be6c.jpg 80,312,277,385,0
ck0tyjzuxsewd0863g6vu5zec_jpeg.rf.fb676b1e3a6120daa38627d6d200a05b.jpg 187,282,209,310,0
ck0tyxvkx6t1d0848kk4vfkrb_jpeg.rf.0dedd2f85a97ee84f50742bb3ba7a0d1.jpg 326,273,442,339,0
ck0rr132a3x9r0794yhwyho26_jpeg.rf.40e25f456f94da539b8a3ec569d3e3de.jpg 90,211,418,413,0
ck0ounp7qrrb80863c0xidr4j_jpeg.rf.c122482c847d528d674c87feba6cd48b.jpg 406,255,554,324,0
ck0ng3zz98boz07013zyds00f_jpeg.rf.bf13bd967fbf5640af01c18e606ef4bc.jpg 98,273,350,356,0
ck0nd794g00mz078022z17djb_jpeg.rf.6c94c79258b7cd94847ff6f2a22a4397.jpg 123,309,187,424,0
ck0t7hsj2on2s094444drdqs0_jpeg.rf.e3267a80a94229fd21b6d55df5a9a613.jpg 127,289,174,380,0
ck0u14y7arp5c0794llhscme5_jpeg.rf.a61bf3872a7d84cdc779db9b5f4eb236.jpg 191,315,238,395,0
ck0u07w91ulq009446ol1bta4_jpeg.rf.5593fab0cfac0bba628ab3242c19574e.jpg 258,271,308,320,0
ck0ujirqowixt07012814w3ox_jpeg.rf.00d6efb8fe2655cdf86099926d9ad3ee.jpg 528,280,618,381,0
ck0kfhu4n8q7f0701ixmonyig_jpeg.rf.2804917304355d0db0098fc9f5c81a65.jpg 262,301,451,416,0
ck0ndqvn48v820721miq46qnl_jpeg.rf.6d8da49df0e932b38707f66f602f1342.jpg 201,276,218,299,0
ck0u00a7o6ask0a467afyogi5_jpeg.rf.de97cadfcd5c7fe8b2568e81c4459072.jpg 122,228,199,424,0
ck0t51xn3ns6t0701kue9baog_jpeg.rf.3bc9e50fb7a463915178d3acff6db35e.jpg 218,272,253,317,0
ck0oukw23toun0944nstsyx8g_jpeg.rf.bab2fd6131d4001a5e47185de28e8e12.jpg 39,371,178,439,0
ck0l8b13joiy30848vj3d2ndb_jpeg.rf.851915fdfaac7486f71ac9ddb573d898.jpg 191,273,208,300,0
ck0tz35vrt1xh08382lzzsg2v_jpeg.rf.cfe5580add5c31db710f8f7fb3395c74.jpg 119,255,177,380,0
ck0t1zwemkseu08636i7fpksi_jpeg.rf.8a16c0b3727d46fc7ca6e17482e3115f.jpg 499,344,571,393,0
ck0uk4wf8875i0a46hztpqvip_jpeg.rf.48781c01a028765985cd43ac18aa2967.jpg 92,315,191,356,0
ck0qc6lwsetj70794bennfrza_jpeg.rf.6a182fa1e13ae635482c8f11b72fd8b9.jpg 181,273,211,303,0
ck0tya1tfr9sz0794w5roonwp_jpeg.rf.6af68c8a03e85df2311a13420a0a231a.jpg 111,215,191,416,0
ck0u02mwv6bah0a467209caub_jpeg.rf.860d263d6b6615ea5fe426ede903dd4d.jpg 471,320,621,393,0
ck0m1nvd7hi5g0794ixq4uhub_jpeg.rf.40a5472cb38acdb8cc42557def14b271.jpg 326,279,503,335,0
ck0kcpbi29y0x0721g7dlzzcs_jpeg.rf.728dd7181bb62b35001282aaff9f7019.jpg 320,296,381,332,0
ck0rr40pt71p40701fl50vzfa_jpeg.rf.13d53ac9fa7375d921366c6e243ca3e1.jpg 317,205,587,340,0
ck0l9y6snotc30848s7ciyz6j_jpeg.rf.f5621e3f81ffa38f1ee33b139cc6080b.jpg 449,311,534,332,0
ck0tx3bpm5y140a46ul6hlru8_jpeg.rf.f3c99d71b2b5302729c67c9a274c87cd.jpg 490,286,540,334,0
ck0kdpfyk4t8v08633b9u5zhe_jpeg.rf.a13df76d410ade8dc844f5cef697f571.jpg 283,320,416,424,0
ck0t7iosiorq50701wgtb048m_jpeg.rf.2bd7b5992ec815663e0289923c90852d.jpg 288,320,430,420,0
ck0ngm4b3jk5e0a46nplsw4xb_jpeg.rf.541e25c738c7a908a5b5d0bcc365392b.jpg 186,273,216,299,0
ck0t5xpty0hyp08488g6a7n6l_jpeg.rf.83fa9ab9fe491d522bb940181ce23e01.jpg 49,202,451,426,0
ck0negbgs3uhi0794nkdvb6zi_jpeg.rf.47c660cf252a51538f8814f59e0b5fac.jpg 130,297,171,375,0
ck0uiwjhb843y0a46w2o985sl_jpeg.rf.ac3b11b6d0b22074a3571575245c39ba.jpg 305,184,582,344,0
ck0tzqdzqwucd07218blh12ir_jpeg.rf.5773041afd954c13c6e9f260cd25e443.jpg 177,268,215,300,0
ck0tstact5eu60a46dakdr243_jpeg.rf.ee1d1cf699f131890e54347909790858.jpg 461,280,614,383,0
ck0t5oyi1mlpd08385ihi4js3_jpeg.rf.055454ea0227afd4eb89c6f35fbdda26.jpg 329,287,482,333,0
ck0nf53eo78rg0944btmudhsc_jpeg.rf.d10d7e192296e564fb79a08345ba75a7.jpg 166,341,208,372,0
ck0txvtlisck20863fbb7u1gc_jpeg.rf.e3b875f93f6b73452d491023b20b33d4.jpg 29,375,156,444,0
ck0nfms4c59l108632rf19agc_jpeg.rf.7d9b2db1146e9af5c05b09f50e1feec3.jpg 193,276,208,300,0
ck0na7jmkg9gj0a46p7jofg58_jpeg.rf.3be6b5e5f563b12127f87319ffd193fa.jpg 96,296,238,360,0
ck0twi6d05v8f0a469q54h3iq_jpeg.rf.f37ecd4564b78736b21afcfcb16ae0c4.jpg 191,262,303,314,0
ck0qbp5dkg5920838gygl8n4f_jpeg.rf.7ae14c3e14f319fee106d79988370ba4.jpg 214,223,440,435,0
ck0nd98ujhlfg0a46hhco18rf_jpeg.rf.71b00f8dcaa169a5615d90e6b7515a27.jpg 305,338,445,406,0
ck0l9fr16nhu20a46eqv4fvr8_jpeg.rf.3db6680fbc5b3935bbb5d5a3f79e3bd5.jpg 497,271,637,348,0
ck0na8r4s7dor0721s8pn4uvo_jpeg.rf.089bceb3a5aa493aabbf8bc80eafe667.jpg 447,301,589,335,0
ck0t6p0chogef0701xhns6ujk_jpeg.rf.06309eed83b0b7b7d07e2310178439d1.jpg 454,297,598,335,0
ck0kd8vmh68nl083835g4ngoc_jpeg.rf.fa75ed04a7a1ab793a5accf08a0e87f1.jpg 161,340,214,376,0
ck0kdra5c7mjh0944w97n0exh_jpeg.rf.11d88a8e384c611da10e28acbad12fe5.jpg 309,200,466,344,0
ck0t2d3kbyou40a46a56kl6x8_jpeg.rf.a9efb8eaf8d023112f088e78e7fda2b5.jpg 386,288,465,329,0
ck0kl4d8y7e9x0838i33y0nta_jpeg.rf.2f7f6bdcfd980553184adaf10d5ccb0c.jpg 221,267,415,424,0
ck0tt0dkysbs70838q7t3vnr9_jpeg.rf.b7add0306399c201a6da902741a44a29.jpg 325,296,419,335,0
ck0u14b6prp0i07943ucnwhhu_jpeg.rf.13aed361c262449613ebacfe5f49a674.jpg 192,273,212,299,0
ck0na7z5a7deh0721q2xhjvl6_jpeg.rf.f5839b6eb27256b3c1daa6ad450efeed.jpg 217,268,297,317,0
ck0t73htzoi4l0944t1g4vr7e_jpeg.rf.405620e795f0d3871369220b97a29ade.jpg 298,330,518,426,0
ck0tsymgpsbmm0838ci72jvcf_jpeg.rf.60df37b674018277c95164a35f2d46d0.jpg 97,299,271,384,0
ck0twzjvps8kb0863yht85hg8_jpeg.rf.3d48ad8c4baaef5a93ea47ff93f1b05c.jpg 298,344,520,424,0
ck0qc7xskeu3r07948qg5ycne_jpeg.rf.9fc63bd7d79b1f9eeb940536f1f4bec8.jpg 174,277,210,296,0
ck0nene10jjcw08481qmhh4wj_jpeg.rf.1140dd96d734fa065cb524f38a1550bd.jpg 337,324,394,375,0
ck0lwfg8yjmbz07219irceyfl_jpeg.rf.ffc9c9308b04e9a70719920e67a58254.jpg 165,312,605,407,0
ck0lxgqhheq2b08638gu6tna1_jpeg.rf.bf58a8ab284f5ebbde6d83841683e2be.jpg 185,303,240,389,0
ck0rqjda68xrv07215zq41dpi_jpeg.rf.37eb3f7d5c2146ca62f85c684e46af66.jpg 175,272,208,308,0
ck0tt3hm6tsh90701m4t0sq7e_jpeg.rf.836bd86dbe96f7f275f4b65461d09042.jpg 274,308,419,409,0
ck0kdxyxd8iat0701jbwd0oq6_jpeg.rf.bdb742208a828b92711eefb1bb826d37.jpg 489,284,612,385,0
ck0ovlupvx57v0721dn80vmur_jpeg.rf.92d4c4d4a6023cbc9e7b334ee3d20dbb.jpg 229,272,420,420,0
ck0rp7n2684q30721hrzu5r15_jpeg.rf.84d9234407355908330862ba98a3dde7.jpg 184,272,211,304,0
ck0u0y7byrnvd0794vpqdexro_jpeg.rf.529a24f69ebd6bbc7b51756f491c7634.jpg 311,92,511,353,0
ck0kn6xvv6ds10794waw8k1tx_jpeg.rf.3e4cd80ebb64ae7c102894c69e1c9934.jpg 402,295,608,388,0
ck0ng4fa263vn083809qkbt4y_jpeg.rf.b3c005d690abf2008313949cc66fc17f.jpg 183,265,309,312,0
ck0t4z1yrkmfv0794t2oqhd3f_jpeg.rf.f813d1df07198e4d160c9425874d4470.jpg 514,279,616,380,0
ck0t4kdl1nlyb07011sj8qjd8_jpeg.rf.a2ee1aab94b87677f8edd7bd6fb5630e.jpg 59,207,413,424,0
ck0qc8ib3k6v40721gt60o67m_jpeg.rf.8ae45b4c20df7d01f6e21d02dfab676f.jpg 495,396,526,423,0
ck0kfm0ie6jf7083851froruk_jpeg.rf.4c6030b74b60da5037c1237cb2b06da7.jpg 94,272,366,355,0
ck0ujmglz85u10a468qt0d4fc_jpeg.rf.50f86d774c8792478f60521f64253ec1.jpg 162,280,635,403,0
ck0km4x1h672j0794gya4kfco_jpeg.rf.b71e1e45a2511f98d5eb87241e39bfd4.jpg 167,325,325,380,0
ck0kengxx4xiw0863hvii9d2r_jpeg.rf.e4a1d914357b8edb5e54ec2480f79110.jpg 164,339,211,372,0
ck0tx10f0r4n40794pbbiu6iw_jpeg.rf.8c88854a31b30a01497cc6db239a5ed4.jpg 328,281,386,332,0
ck0tsz3b0624008481fmfbt28_jpeg.rf.f82ee35f71d7f732c110b80cebed9f28.jpg 30,133,157,432,0
ck0k99e6p79go0944lmxivkmv_jpeg.rf.e892e85ece3a7f30ebaf4466ace293dc.jpg 447,260,538,320,0
ck0kkzzufk6zy0a464la26n1c_jpeg.rf.c86e94d8ce0c5975c889c7622735e6ac.jpg 99,308,271,383,0
ck0rpg5vz5vk20944kk0yhjy5_jpeg.rf.81f449f01c2069290aa6be9a8a578b4d.jpg 385,292,434,329,0
ck0t2b97en04q0701ndyfepcr_jpeg.rf.695c11576fce13605217e46139093e86.jpg 461,256,538,317,0
ck0t5t7ggo1650944q3cyegrd_jpeg.rf.88bdec9b0adbcf78d90ffa860d021a8a.jpg 123,335,191,424,0
ck0tx3rohwiml0721wn578q0e_jpeg.rf.c2c9cb749a60ffa67bb451e3b6fea681.jpg 112,246,173,378,0
ck0kn8eh393ib0944lkiizn3w_jpeg.rf.f8ed15c29ec64d3ed101db549c3114c9.jpg 193,281,213,300,0
ck0kepk22a57e07215s22fyiv_jpeg.rf.ab520d0824e2805004a057654759c119.jpg 288,341,517,423,0
ck0na43fc1vfh0794pxban58i_jpeg.rf.7920b1ec2e1d6220ed7109b3b9f33e98.jpg 51,213,441,412,0
ck0ukkr2f8vml0848uyh1iw50_jpeg.rf.da3c78b5501e50da13cf729c4d3b5bc6.jpg 500,335,636,389,0
ck0txmpuosbkk0863coq4p42u_jpeg.rf.2ab7128f1bc527de52b73eb944b8e9cc.jpg 173,263,299,313,0
ck0tssirhrq1u0863eoicr5bp_jpeg.rf.18f6d6b88d340edeefb391ef540b39c6.jpg 123,262,215,314,0
ck0lxdhtohhdr0944vck0s787_jpeg.rf.a3512a7c01f67c9d5b299d6321999f86.jpg 215,276,258,311,0
ck0u0e1zzwydk07210xx5o9vv_jpeg.rf.c53c903197696b3e4bb9c4291a46e30e.jpg 165,319,459,383,0
ck0ken8886dvt0838isatschp_jpeg.rf.db2f8ee174ce5e8ccee79526649a1f14.jpg 195,275,216,308,0
ck0u13xaxuv4k07010miwxisb_jpeg.rf.a3e37872eb06949e7103fc71f9768870.jpg 164,315,567,405,0
ck0ukig53tfv30794pt4u6ude_jpeg.rf.8544f90cc50599f6645301c200c9567c.jpg 164,318,561,398,0
ck0kdox8w69td0838i6leuzy9_jpeg.rf.fd13b186e9162bd4165f35d23219ce78.jpg 123,286,190,418,0
ck0tzuao2wuuv0721d9vb3uvm_jpeg.rf.2e74419637d9d568445db77a37dc7abd.jpg 3,346,169,442,0
ck0tz4vu9wr2707210cs2d85i_jpeg.rf.1b6ef47d9df6157087458f8aecaecca4.jpg 191,251,417,424,0
ck0twb97n5uc20a46en2e2spb_jpeg.rf.3b8e3d328f2166f076073307aba2ccf2.jpg 309,191,477,340,0
ck0qd5it1i1wl0944fqp8vf9c_jpeg.rf.0c7a5425ed1cf2b65ba0a9255104808e.jpg 331,362,525,422,0
ck0u98uysslwa0794bmd4n7fd_jpeg.rf.095a14e1021380b2fb27293a9c085d30.jpg 329,270,520,334,0
ck0t1ywwdmqkf0944mhiw5huk_jpeg.rf.0e0fd084e742f90c8923e2c6ca189210.jpg 130,304,237,383,0
ck0oulkapr2bj0794zz57fbjp_jpeg.rf.fb25b6ce9f0a4f47d949c65a25760dcd.jpg 0,87,152,441,0
ck0txfme8sat90863ybrk8lzv_jpeg.rf.112032a8b5c9b13773c7b55ebc106913.jpg 94,326,135,354,0
ck0ovtzvntedo08385kjpyx6a_jpeg.rf.082cb0cb6f0698e036d99c47d12c4f9b.jpg 280,284,309,317,0
ck0ujvtjvyrjx0721f1bk9yvy_jpeg.rf.7676cfeabda54385e3febce051c45a71.jpg 0,87,168,431,0
ck0km26n78w6b0944d8vapoyy_jpeg.rf.f2e31915f84217d1da59bf48264fd3c8.jpg 429,304,605,384,0
ck0m15edijrbs0944olo8aqra_jpeg.rf.501b239dfbd49fe76f00e4a3b6a3f3e3.jpg 188,275,208,299,0
ck0tx9epawjk50721w6282v2c_jpeg.rf.1b935789ad7646480ba211449f5288cc.jpg 309,171,483,348,0
ck0t765i5mk8j0863od0a5ghy_jpeg.rf.7dec8d639975f1c9437a295bcf439fd9.jpg 2,93,168,431,0
ck0ndcirh69sn0944tmwamh75_jpeg.rf.bcac07afea59ee1d947e2e06ad1de41a.jpg 309,201,566,355,0
ck0t74gx40b5u0a46s72no2dg_jpeg.rf.7e8d717b2d584718c5d623492b09519f.jpg 2,233,144,448,0
ck0u0hkwqurd207012dbpgjhf_jpeg.rf.f28850fb7d625e36d84259ed4dfc4258.jpg 462,391,524,423,0
ck0ncwmnt6hyp07016zypssxs_jpeg.rf.f7551d7dff181f7ef5df6677dd4f4a51.jpg 0,114,161,446,0
ck0kl34jm7e2s08384qcp85ih_jpeg.rf.634c86c20497209781615d9b7bf9f563.jpg 446,264,530,325,0
ck0txrr4nswy40838d5s9tydp_jpeg.rf.2c943891d0c0fc05aea64bb108d84b2b.jpg 200,281,220,308,0
ck0u0znmjuuay0701hyc6trun_jpeg.rf.32533204edd9b49b8a40b960646614ce.jpg 247,270,307,318,0
ck0tylooksf3f0863s6tbwxhx_jpeg.rf.954d39d400282fb7ffa58062968a0fac.jpg 179,271,213,305,0
ck0nabl6wgb5q0a46x056c88j_jpeg.rf.22f470533739bbc3dfb01d5422d079c2.jpg 204,280,218,296,0
ck0tzox41umlv0701crxo159j_jpeg.rf.a97a0c8eb7bf00b9702e2ff0d6b41213.jpg 220,272,255,315,0
ck0t5sc8zo0px0944bab8o9n5_jpeg.rf.de9354eaa6bce563b4d9c952b0ce524c.jpg 443,254,547,330,0
ck0ukkz8tytsn0721y70sud46_jpeg.rf.7517ea19f9a349bc6ef28eb6b2cc5094.jpg 1,100,169,435,0
ck0nfpjig5u9z0838mgcq82oz_jpeg.rf.ad772de80165ce58359cc64a888986cf.jpg 499,332,636,391,0
ck0kkxafs5wwc08631zxdpdyd_jpeg.rf.07e05775b6b4b3f4b31552b70b4cefa6.jpg 185,272,212,308,0
ck0ujle3ouhd20863udrln8yl_jpeg.rf.b804672fd74996d54ee618bcd9aff5ea.jpg 164,344,226,372,0
ck0rp6q4583zz0721mrh6corb_jpeg.rf.22869858a8b96673b4f75e4447df7470.jpg 211,269,263,319,0
ck0t5nqi3zqqj0a46iyhhhw7b_jpeg.rf.78550128f30fcb8da16eb617cf67917e.jpg 327,291,386,337,0
ck0tzpp8dskmt0863jjiyujwl_jpeg.rf.426d959d155ddbb3e691167ae35dff17.jpg 178,272,212,304,0
ck0txsj116ojr0848emet52dc_jpeg.rf.8e0c3cf10702313909bbb428083bd5ca.jpg 165,312,343,375,0
ck0km415y8wk90944mab9i4lr_jpeg.rf.a17ebdce58ad7bd9fbdf996d561b9277.jpg 180,272,211,301,0
ck0m1m206hgy907944qxlvo5i_jpeg.rf.304e05e45adfc9e146b51ed4c09a5ac6.jpg 374,353,522,424,0
ck0t3kjngndaa0701i76i8q2c_jpeg.rf.77d1816da59cbb90bebc8cf5cffaa597.jpg 189,278,210,310,0
ck0tx2mh0r4wk079479dvqbfl_jpeg.rf.d8b0aeac990c67e71d6ad0c9508289cf.jpg 413,256,551,325,0
ck0rpemia2zhr0794cdnvuzck_jpeg.rf.6cfb5a76fa3c2dc1438cf956ee46030b.jpg 325,268,484,341,0
ck0t7czov10bf08489elv37go_jpeg.rf.d5b1f596fbd71e3fec0ce52715965f1c.jpg 491,285,557,339,0
ck0t75ti6on9t07015p6wbjle_jpeg.rf.44db5f4bc2535c4b01846595e514a1fd.jpg 272,319,523,424,0
ck0rpe8ja3z6m0863q1narygs_jpeg.rf.64b8d3af89c3efb27fda7e79c773fea4.jpg 497,327,636,383,0
ck0l9jo4f9eey0794uap3bxz6_jpeg.rf.bef6411e44b9179f0e7ee6852161d729.jpg 170,222,395,414,0
ck0ovrdff7ir20848kelskyn8_jpeg.rf.8e308acbb8e3cb573542fce2942a3dcf.jpg 312,152,560,345,0
ck0kdsrnk4tm80863omawzddc_jpeg.rf.9ebc79dc2d20250e6e9af7c3e15ae1cd.jpg 309,194,562,354,0
ck0kosmizkqdq0a46xgz65fgt_jpeg.rf.1733bb59e5201085afacb155c44c318e.jpg 123,272,177,385,0
ck0tyojsawouz0721wteyaxe4_jpeg.rf.36d5df092aa46308228e2f23638fd3f2.jpg 181,271,218,305,0
ck0ndfo8l6ov10701vn095htn_jpeg.rf.2d4e1f5a50310f5e35a82d30125be45d.jpg 99,279,211,357,0
ck0nefzg24hv30863efhq3fp1_jpeg.rf.eb7ce9a7c40e1d2b9f969a1c8db5185e.jpg 426,267,547,323,0
ck0qbo5snhkcv0701pwtwt35x_jpeg.rf.002994f06f7d4d83d1b320641b55db1b.jpg 496,277,579,331,0
ck0t59c0wnw4607010uyziiam_jpeg.rf.f147962f5113b622af7b91590e2791a4.jpg 0,235,159,428,0
ck0twzs19s8ld08632qx4gg12_jpeg.rf.1440e2903cf8ca15532fcfbefd5e7bdf.jpg 0,111,152,448,0
ck0t1r1esms8s0701jmlvghkw_jpeg.rf.b75c471afb4564486cacd9d55e069338.jpg 167,291,542,405,0
ck0rpjxds42tv0863ke8nrsmn_jpeg.rf.53c201d26433cb177c7525e8bed6d32c.jpg 162,219,404,417,0
ck0uk75x5ysls0721e5a9j891_jpeg.rf.d10407d355a20af662cf84306b641f6e.jpg 523,277,619,384,0
ck0qd918zic840701hnezgpgy_jpeg.rf.e5d51c3abe3370e958bc37612c46c94e.jpg 174,229,420,412,0
ck0ujkl8y85nx0a4678ht59jh_jpeg.rf.4e902d5672f9245ca51d4d787599837f.jpg 198,280,217,305,0
ck0ukglh8v4be0838snyl10yu_jpeg.rf.a05e42e9fbc74dbd68a0b31aaf7ea563.jpg 193,273,213,299,0
ck0ujo3wrv2130838pn66pvj4_jpeg.rf.db2b3aa636f3c6cb48ce6912b8d694e5.jpg 171,302,242,390,0
ck0ujb0z98s2k08487aup4zlv_jpeg.rf.50461d2e67440589208f2414d8c43e6d.jpg 90,308,182,353,0
ck0ndu6n1059n0738t860ip47_jpeg.rf.f093bc7ee49e8d1215968291bf95a7a5.jpg 98,299,266,388,0
ck0t4sh7pnk3v09447wbxifkk_jpeg.rf.c89ed8138e0e4aa8de765e8fdc694b98.jpg 444,303,582,337,0
ck0ug3gjz7wk00a46ikj346zv_jpeg.rf.491776edcf1341c7d74b318d9be38303.jpg 117,135,287,429,0
ck0kmftzekfwv0a46aj0nh5dz_jpeg.rf.f36d67debedf2237935f380409fee85b.jpg 502,341,612,391,0
ck0u0ihp7sq1z086335c6h592_jpeg.rf.0b6b23c37bddd44bc35eb031b3c34bc2.jpg 2,23,164,433,0
ck0k9ghqt7a8l0944mcvy0jsx_jpeg.rf.23f27d47c00cfc83b40c86b3c51e5b9a.jpg 308,227,441,335,0
ck0uki6ppytkz0721bttibej8_jpeg.rf.6f55fa8d49b72a9860ae3eaa202a5db2.jpg 188,272,212,308,0
ck0lxhbtdewio0794g9qrp7o9_jpeg.rf.2c04a7d4bc667dcf71238d07f899ba96.jpg 2,269,158,427,0
ck0lyfhltum8h0848fs747twi_jpeg.rf.90656f9c2987c2396202cc5a5b9e79c2.jpg 330,272,527,333,0
ck0kl1k8d9ks80701twyaq08t_jpeg.rf.89c464e7338df328394c5c63b93f80fe.jpg 323,280,425,335,0
ck0kd21cfj2810a46eicmjtng_jpeg.rf.654545d89dd04541b104dcefc04c2847.jpg 90,295,276,355,0
ck0t40rhdz68s0a46ekx049a6_jpeg.rf.0e6549bca7f97aa363bf39e53b58b184.jpg 326,276,494,332,0
ck0u0l462sqjj0863jgtyd84b_jpeg.rf.8ce5e3774842b9103acc6cf4b50daad7.jpg 478,260,520,324,0
ck0lzyygqj00t0944qnwlwjf2_jpeg.rf.dab5c80b39d05f829c5502714462823c.jpg 309,247,424,333,0
ck0m0gpkagpzy0794ulwtreu6_jpeg.rf.a143c657e531b1fc452ac095f54c2f1e.jpg 520,277,612,380,0
ck0qdf4hwkrzf0721pwn991sv_jpeg.rf.41ddc48b74a9b01df5b270ec442f0825.jpg 314,109,498,348,0
ck0uk19kvwftk0944hsc0vul0_jpeg.rf.db382267c55d9cff2e69474b51c002b7.jpg 302,265,385,340,0
ck0nd5toq009k0804lhknr6zt_jpeg.rf.72a6c8374f5f35552b1399fb4103faa1.jpg 125,325,189,420,0
ck0nfsgb3a5cl0721k678jfzb_jpeg.rf.f8e68a023d75e465787a5dde17eec5aa.jpg 110,278,185,442,0
ck0l8bqss96gu0794pchtppli_jpeg.rf.6b5c1734326b64ed0b7201c77ae705fe.jpg 181,273,211,299,0
ck0keq7xa4xxd0863otmigtsy_jpeg.rf.100e0c0f953988d9bf09ee622465ffb4.jpg 267,339,525,424,0
ck0uivtpc841h0a46ydgo7566_jpeg.rf.07808ee1a54a1076acc572e32da75fa3.jpg 308,275,392,336,0
ck0kd70pu4w7b07946742zfpg_jpeg.rf.76345d6b6b1982cf6e48287e5194ed8b.jpg 218,275,277,313,0
ck0kfmg3p6jh90838qxnikor1_jpeg.rf.868445cbb01445434caabe2e67251566.jpg 187,267,312,324,0
ck0tx0999u6br0944s68atde0_jpeg.rf.151e089eec4f5583562aeba95931a5b8.jpg 238,341,526,420,0
ck0kmh9hhkg5e0a46we9ywaxl_jpeg.rf.e2e4c640b8fa6ccac33f43d580329c35.jpg 473,264,513,324,0
ck0ouldkdrpic086327fu1wjk_jpeg.rf.180ee5ff8f3f3ef99c3b9b5cc1d79b07.jpg 292,342,515,426,0
ck0kmi067lmu70848mrnfi0rc_jpeg.rf.bf042f3cbc1c2d30f4596ba08674f52f.jpg 124,248,185,419,0
ck0qbn4c2to820848neklprj5_jpeg.rf.e9b3a8308ab3fe68abdcc295164f72d0.jpg 483,273,516,303,0
ck0tz3qdjt20v0838pjjz36dn_jpeg.rf.5866feea45ab45e8dd940c06d6cc4e4b.jpg 497,272,565,335,0
ck0txgdlcsvs8083883yrxqar_jpeg.rf.f7cae0fbbfcc894ef6e1b520c784f378.jpg 443,300,543,337,0
ck0l939lbnftj0a46atyx4hh4_jpeg.rf.f991189576bb06fb46f16945c1ff840c.jpg 504,332,637,383,0
ck0t22nfcmwoj0701cj69tol6_jpeg.rf.ca3b4dcab4b5586048b9b35b62d0f7f2.jpg 497,328,639,389,0
ck0tyfppk6qqc0848u6xtpzgx_jpeg.rf.5d4f8ff108797ce4343979a3b2338f55.jpg 312,139,520,344,0
ck0lxi2vsiexh0701c7jcu934_jpeg.rf.ff683d254abaef0e9edd999f90eb020a.jpg 2,93,167,431,0
ck0twbr4hwf330721j3vv8j30_jpeg.rf.c3cadc110ba4c37d0944000e63ead4f7.jpg 360,328,396,372,0
ck0ng5zyb5lrz086320xihwm8_jpeg.rf.7c0c7cf9b4adcaa8d82cb0ddcdda26ad.jpg 150,271,211,308,0
ck0na2cdf1uf40794qwk129rm_jpeg.rf.28880b11bf1cfb7374ac33ff1bbcd8de.jpg 143,323,175,375,0
ck0kkv2jf8pil09448qnz1ndu_jpeg.rf.3f7f3df5083a6522280e6a7f8da3f800.jpg 450,291,611,380,0
ck0khubxx5khq0794ja58vgv5_jpeg.rf.43d093b6ba86e387f86a3dd83d898b1a.jpg 1,75,162,429,0
ck0lwhatvfrid08386w2352zc_jpeg.rf.b736782f3519794f4e542cc41b81c2d5.jpg 3,337,151,440,0
ck0ujxwiv8tpa0848i4mm92da_jpeg.rf.3efb824268cae7864cfc9554fbff1877.jpg 381,282,484,334,0
ck0u0zahz74ln0848lonhk1xg_jpeg.rf.9d69d3c40b9333594d9b31e6a954d008.jpg 97,313,163,356,0
ck0t6flogo9bb094428fjegnm_jpeg.rf.474edb4eef5bf9c1de98819f3cd21b32.jpg 375,384,463,452,0
ck0rqph585aki0838q1hxpf6k_jpeg.rf.07fced974c501c96ccad8628a9819864.jpg 347,360,527,425,0
ck0l9dfokcv7o07013t4kgamc_jpeg.rf.1efbec4148353caf420654a4f2784a38.jpg 125,257,200,419,0
ck0t782sh0yo80848y50f5ugf_jpeg.rf.96838a6bf846a792f8b1fc7db7479300.jpg 325,298,408,334,0
ck0lyghgkfe8a0794h5pz92p7_jpeg.rf.d62f407c87e817652e942ef25ad0c4a6.jpg 456,261,545,320,0
ck0tyv5y2wpox0721volr4z26_jpeg.rf.58687c8ef3086e1d3893d2f72bc97eb9.jpg 70,302,280,390,0
ck0rqq0y3j4tu0848p884qvn1_jpeg.rf.4298af97886eec91672cff0123b1d7c9.jpg 328,268,438,337,0
ck0kn6a6093460944dnwl19so_jpeg.rf.7133d3bff43750dc24fc6272ba95f051.jpg 534,336,621,388,0
ck0lwj354jo7n07218v6vgpvi_jpeg.rf.dc977215beb3f4e29644ac791ea83b8a.jpg 2,83,174,429,0
ck0kn8y5y9y3507018k5p06ma_jpeg.rf.15fd98addbebacdff40250bf5596d1f7.jpg 188,272,210,297,0
ck0ujfqoy85bw0a46u3lgcx88_jpeg.rf.57a27229b39d85be18a0b2f60f7cfc4a.jpg 448,303,576,335,0
ck0tt2r6arrbl0863z4d7kz9g_jpeg.rf.0b05a261c5427b898444f370fae0339a.jpg 497,305,537,335,0
ck0ndugzs6hv90944q18viki9_jpeg.rf.39717e27b562e2de7b75b603061262ba.jpg 303,351,525,425,0
ck0tswp1wtrfp0701idogph92_jpeg.rf.d24831b8a166fe63d2279c9369815ff3.jpg 216,248,248,320,0
ck0kdwh3o6akx0838c87v3jbu_jpeg.rf.6fc15548a7498c252ec78cff42bd0e0b.jpg 198,267,295,308,0
ck0tsyvp361ow084867dinue0_jpeg.rf.436da16b57b5482f131ecfed62c5ddc7.jpg 498,327,636,383,0
ck0m14sd8vbk90a461shu6qbb_jpeg.rf.7ac7e8525af159fcd9c7afb913304a53.jpg 167,344,233,373,0
ck0txus39scfk0863py0w15qb_jpeg.rf.039650c794eeb390db47cc7b7f497c53.jpg 189,276,212,305,0
ck0ncrvqe47qd08384wqzjlk9_jpeg.rf.56482625eb012a1dc7cd9bc5687ec0fd.jpg 165,341,224,372,0
ck0kcv9km4vc70794bkufs7xw_jpeg.rf.3e8609a2465ed6421964b609f98fc86d.jpg 309,342,421,438,0
ck0ujwlr98tkt0848fudx9cb3_jpeg.rf.5c3ec1a61681be993dc9be1a6e2b37c5.jpg 324,272,530,337,0
ck0kmi7k47m0i08380dwkjuc1_jpeg.rf.cdedc9d54acfd905ec09b3a1dde0570f.jpg 497,273,585,331,0
ck0uk5cl3877p0a468qm2bfay_jpeg.rf.c1f25f31162def96a20325fda396c936.jpg 228,265,306,319,0
ck0t3s74cnfks070126deykt2_jpeg.rf.0d303e0f6974a151d9aaf9ff5bc7cbd7.jpg 1,287,148,451,0
ck0ujik07yqmk0721cwatmrh8_jpeg.rf.97e96202c12915d66713055c721a27c1.jpg 177,280,212,308,0
ck0txw47261iz0a46k76oyfzj_jpeg.rf.f9ae9d48b6b41328542b093ff313b903.jpg 85,307,265,385,0
ck0qbwggghon207016zt7rz5a_jpeg.rf.8f1ff3540f145ca5fd412e1a2c51924f.jpg 387,293,608,380,0
ck0khu2xz94nj070165dkfirk_jpeg.rf.30d9a120eab63410cb0782f39b60cf99.jpg 497,332,636,387,0
ck0oukl7vtoje0944m2ijpxlm_jpeg.rf.aff9b2bbefd101281f4421e006d4bc2b.jpg 184,356,218,380,0
ck0t6nixgmcop0863zbzsc32e_jpeg.rf.ab09eab04cca7a1ea67a649cff2514d5.jpg 96,299,254,364,0
ck0m0dejchvnj08381f1xtpqs_jpeg.rf.39da0b09b757b86bb5c20ed5f8acdfce.jpg 401,410,457,450,0
ck0u01dbyuoe30701p6pfzb0q_jpeg.rf.d4a9c8e3c44fb4fde50f4bfcb708e9df.jpg 158,221,421,427,0
ck0uk2i9z86xl0a46gizlif59_jpeg.rf.e8922a8ded22710e52ac1f96d7063e81.jpg 310,201,534,344,0
ck0qb8cz6tfnt0848glf38bpe_jpeg.rf.aceb946037b21d88d1ba6430500c04c1.jpg 186,277,208,296,0
ck0kot81t6k5g079474qsyev2_jpeg.rf.ab0a983e116515d4b0c18da993a9b912.jpg 126,267,181,379,0
ck0t81ysfnhui0838yucfeszk_jpeg.rf.c44a67eadb87820790dcf7aba309cc97.jpg 199,257,293,308,0
ck0twkzggsrnb0838b6na9joz_jpeg.rf.e8d483b9d75233a22d82d09a6a5bfcfd.jpg 187,281,211,312,0
ck0l9d0tt981g0863dmttkl8h_jpeg.rf.23cb64f82ebb204086b876144382ad90.jpg 392,291,466,327,0
ck0k9aqm99o2o0721aml8qpqr_jpeg.rf.3a36ad4401ee8649be28e9f24b6c58d6.jpg 396,281,493,324,0
ck0ng3jtr5k7j08637da4685p_jpeg.rf.a520a4aeda60c06327ff67204d09aaf5.jpg 285,289,307,319,0
ck0qb7h0asvnf0a46l0myka01_jpeg.rf.68556e7d0eb979cf5004f708fec8d6d2.jpg 185,273,209,300,0
ck0ndbtmr8oa50721hzgxpue8_jpeg.rf.992a2c1eb3b4eb80736afcb2d2401685.jpg 309,211,442,335,0
ck0t7o8ovlpsl0794ci1p3k3a_jpeg.rf.ac9dd973e0df56e9ece5c3d438a18f48.jpg 312,206,453,338,0
ck0tyhipjwo1707211p8ov4bm_jpeg.rf.f61e7776c19c1b9a06a59c59ed35a4db.jpg 440,296,557,336,0
ck0neh5qnjfoh0848s35xyyj8_jpeg.rf.b6c060bcf90beed26ad5bc6c0b95dffb.jpg 120,264,173,375,0
ck0ujvlapv2j60838394p7rtf_jpeg.rf.f2136d36c713c07abc73a04b7a79362b.jpg 293,325,523,423,0
ck0tx2twm5xya0a46rieclafo_jpeg.rf.a561b0d81fab33b1db60c49826d6766d.jpg 120,238,182,382,0
ck0kl3wpd616z079452ea8lq2_jpeg.rf.c9cb8186a1582560e3f4fae6ce065aa7.jpg 126,259,174,379,0
ck0nfnbw45srt083889319uj8_jpeg.rf.9dfc7ed47c12edd91eac02713ecf9057.jpg 184,272,217,296,0
ck0keqofqkeab0848eq712ch1_jpeg.rf.da0559ef042290f4cc53109f4446148c.jpg 325,297,384,335,0
ck0kcz0wr67xc0838pqo5w48a_jpeg.rf.ed3e3b7e4813bac092e221e87d8c3810.jpg 314,231,548,353,0
ck0u0m0dqtaz70838kcm0o9w3_jpeg.rf.61cd533ce8f8ccae0964026f05b450b3.jpg 392,293,445,324,0
ck0kcouioj11m0a46yjyp0zlc_jpeg.rf.0b6780e629dbb5e8d79b4f84c9abf6b0.jpg 0,21,156,443,0
ck0qd4sisfz1x0863riapvr9k_jpeg.rf.82a4c19d22b5802d7075569b44bb455c.jpg 316,350,522,422,0
ck0txsbnlsx040838wocuy68k_jpeg.rf.b571e3c9cba04843a2b04fe3031ebc81.jpg 185,272,213,305,0
ck0kdeqv8a00m0721x8avt6qe_jpeg.rf.36155bf5641f74c7c59131e26b09e2dc.jpg 111,308,264,380,0
ck0rqkoz2587n08387o17rv73_jpeg.rf.ab9624017cc09430cdfe4ec5aa8c249e.jpg 442,384,522,425,0
ck0qb78lnsvjg0a46r1s6hxr1_jpeg.rf.7b42b6694f4d1010be7cfbebec6e3d0c.jpg 205,217,255,315,0
ck0na20uvg69k0a46b7cgr9rd_jpeg.rf.2167e2af6a828e0a6a5eb1cc382433cb.jpg 446,255,539,325,0
ck0l95c8fegck072116xdbwp6_jpeg.rf.617f02889e6ef4f8b203b836965d17dc.jpg 500,332,635,388,0
ck0oukbtwsjxp083897f03qo4_jpeg.rf.3e98180193ed5ec1dcf69aa9b8131ad7.jpg 184,274,212,298,0
ck0km5x3u9r910701d3yfjhtv_jpeg.rf.5d3ed99c23435f53c1ea300501e5ab52.jpg 175,273,212,299,0
ck0tyucu3uekj0944f3usafki_jpeg.rf.e1a5f940425264a12685bab3f22ac2b4.jpg 17,361,156,444,0
ck0km5c8vke4q0a46trc774lh_jpeg.rf.91e4c0d52281b11bc4234a1a4da787da.jpg 183,272,212,299,0
ck0t5wu9ao70b0701rdv7c7af_jpeg.rf.e22a1cff3fcd8b8d2e4d6af7d6ef9ac8.jpg 307,339,412,408,0
ck0u98ba1xzpe0721rgjjjun5_jpeg.rf.4b380e574d6473c9fb269fd80ba44cba.jpg 498,333,637,387,0
ck0rpje8d32fg07940gwkympb_jpeg.rf.363e2e8fc4bebb8106359f52afe69a54.jpg 131,147,251,416,0
ck0tszlepw02k0721zr71djfj_jpeg.rf.75dbbcfe9ed2cedade6488e25ef885b9.jpg 498,331,636,389,0
ck0txo8iyue140701jnymorwf_jpeg.rf.bbe4be041029b31de1221a1137f187f6.jpg 187,285,211,312,0
ck0ty7yegwn140721h5wixp2h_jpeg.rf.975104118426b12f4aae424bd4c6b8d4.jpg 117,252,203,423,0
ck0rqrdr86mhp09441c8d69w7_jpeg.rf.14c6b61cb5c03844cd9fe4f7af744a2d.jpg 385,284,455,333,0
ck0ndwu8pj3180848zonjasmz_jpeg.rf.8e5133c2a16958fdf2c817f409d299a3.jpg 4,193,150,447,0
ck0kfljfp7vuk09441308dug1_jpeg.rf.d9d2238475ea2a68eb0208a8f82c3ad0.jpg 285,290,307,322,0
ck0txbqlewjuv0721agjyhu78_jpeg.rf.51127796e0944d4a6b9e94f320abe95e.jpg 312,187,519,339,0
ck0txs402uehd070195c9mfko_jpeg.rf.95757b192bf67ff3cb86eae5b51309a5.jpg 209,222,254,318,0
ck0nfxm5e5gq50863tqwxrgft_jpeg.rf.8b56e2bd8e70d52a55fd25185e8a9834.jpg 311,180,475,348,0
ck0oul6eyrpa408637g72xnc4_jpeg.rf.2679ae9c306901cdb651b3643f57b33a.jpg 69,315,267,387,0
ck0ndgh043xns0863o9d4l0kk_jpeg.rf.8b3b66fde5f77ec9612717cad28c80c9.jpg 209,263,298,312,0
ck0u09p0z70h60848av5vdh7v_jpeg.rf.314047d75bf43ccd0272d10b12e4ae09.jpg 155,267,209,311,0
ck0nf44ililfz0a469cimeiu1_jpeg.rf.0d6fed97ceaf38dac6ef87e5a31c8771.jpg 199,280,213,299,0
ck0klds7p9myv07018b68zcsu_jpeg.rf.a6405de04f383b15ace38e3f7d230d58.jpg 274,278,306,322,0
ck0kmfd7ibcib0721v08q1jv0_jpeg.rf.fe5f5fddc5c04036ef8daca84ed2cd26.jpg 6,88,163,429,0
ck0tyexsuugj1070158ffdyyt_jpeg.rf.3b21c0a177dc66d691bfc8c72911702c.jpg 311,159,534,340,0
ck0kd86qe8gf507018qw8usfe_jpeg.rf.16bbacc4642736772137ea8ac36516da.jpg 217,261,250,316,0
ck0kl0ifc5xd60863hxynsup8_jpeg.rf.c911d5be343b3ba60bd0617f4f1b45a3.jpg 0,77,162,443,0
ck0korwq7kq730a465vnctqhc_jpeg.rf.d4501267417309cc2fc78fe4250e5497.jpg 473,263,520,327,0
ck0kdobka8hev07019b3gbgq6_jpeg.rf.6bd856218dbec58a0a84b6a445aafe8e.jpg 123,305,190,420,0
ck0qd50hwi1k10944i25e7al9_jpeg.rf.2aaeb2d714a896b8755a42a642f54257.jpg 0,65,150,444,0
ck0t6zwah09e20a4695tura09_jpeg.rf.0f4589d925a5d8ba23999e6e13b61ba3.jpg 167,337,212,371,0
ck0kotq5d99760944cc8w1pib_jpeg.rf.58da238d556f9288a16ff119ec2b4f2e.jpg 179,223,404,413,0
ck0lxeugahhve09449l5anbuj_jpeg.rf.f0b3833f83a0cd82b70dd77f18e2955e.jpg 164,320,509,389,0
ck0t3m8z9z2js0a46b4ije63c_jpeg.rf.38192f7558a76dd1cd2265ea0164c146.jpg 164,306,415,382,0
ck0u0dtzbt9mu08385juqmknt_jpeg.rf.13eac866337c3e8d937f8ec82dd1164a.jpg 182,270,210,302,0
ck0knw1mc96cu09446iq0ugae_jpeg.rf.65082b59092ea8494de7134f002350d6.jpg 1,63,159,443,0
ck0kht0vs5k2r079428olg3jt_jpeg.rf.f7c1b97fc25806c26e78cc47c8f616e2.jpg 184,273,218,299,0
ck0ujoiltwezp0944u48gk6wn_jpeg.rf.edc4c42f86d4f50baf8b33495bf923c9.jpg 1,323,150,444,0
ck0tzkkd8ulz70701xe5upkxe_jpeg.rf.12e040f64b4ebde0158dbcbb97d7abe2.jpg 443,300,584,335,0
ck0txp6s8ue5b0701zx9qjwwe_jpeg.rf.2414c7ce0baf1260505d277594e6ad38.jpg 443,283,611,383,0
ck0l8drn7ahtr08388pnkoq7o_jpeg.rf.cb42cf4ab4abafe433174d530489ad5c.jpg 501,353,555,387,0
ck0k9dzyzirme0a46fhirxayi_jpeg.rf.1607168715f4dc7bf6b30e717c42cb60.jpg 355,353,403,403,0
ck0qb9do2fwc708385reizk6h_jpeg.rf.c9e5dc3159338b3502c0c404e1a5ad65.jpg 184,345,222,387,0
ck0lwh1i7ed810863a8ql1pat_jpeg.rf.9f4fbf7957ad135fdcee39e273443fb5.jpg 442,377,520,423,0
ck0t45urenix00701imio8cdw_jpeg.rf.9dd94f07e085ea08e14dd66d4a23b03b.jpg 115,275,177,379,0
ck0tzttgusl7o0863k0kfvcid_jpeg.rf.d809cabef1b13a0130b224bd42412661.jpg 150,275,207,300,0
ck0t20os6mrcb0944xrc0wamx_jpeg.rf.f3a21166d05ff918ff6a711f7c68a9c9.jpg 0,304,157,432,0
ck0tzza3ut6ra0838aef1ubfa_jpeg.rf.b3917b4a2e7b085b7a209fc4b06e2eeb.jpg 484,263,518,316,0
ck0ujob3n85zc0a46r0pdmhoy_jpeg.rf.1f21bba232d4a46202f440ed2a807d70.jpg 403,373,521,423,0
ck0kkxngib3qh0721x6mgyttk_jpeg.rf.01d8bb7e617acbbf21abac52d442812a.jpg 164,332,358,376,0
ck0u0iymarljc079432rld6ur_jpeg.rf.cf53d0d15b8be4236babd174f1cd988a.jpg 342,362,526,422,0
ck0kepbs9kdym0848hgpcf3y9_jpeg.rf.7862fe8ffe31a43a18108ae41f81703a.jpg 82,298,272,382,0
ck0ow7vs07tuz08485n4yz5si_jpeg.rf.e0bdcd2c0c15e0fb2acbc91dfc281db2.jpg 386,291,607,380,0
ck0ug3zlfw61d09445i888ftl_jpeg.rf.601c08258460e2664252fbb03a6cac7a.jpg 100,208,412,407,0
ck0k9jss09oxq0721c8pd7eds_jpeg.rf.4461fc2aa0628a1579538910d4b1e6bc.jpg 312,195,587,353,0
ck0nem99k9e9v0721yu2dtiqq_jpeg.rf.db0b456bf84d503da62955eaba842c84.jpg 312,206,459,342,0
ck0uj9sgjyq2b0721813otzrx_jpeg.rf.c1899aa088cca22c7c1ff895fd80d555.jpg 298,60,548,344,0
ck0ukhfkfv4f10838ulu89xc8_jpeg.rf.00cd3cf0211e7a17b6d14827c02ced7b.jpg 199,276,215,300,0
ck0u101es74sl08484y0z9pb6_jpeg.rf.e7eb3203496fd4ca9db01e3119cfff5b.jpg 439,299,563,339,0
ck0qd7oxtgwug08385hhoh6c6_jpeg.rf.52afb53f52875f9b1c91095956c1e9e4.jpg 126,243,174,380,0
ck0kdgfrn7loi0944bc5njxd7_jpeg.rf.14f47f42d073491b71d525b51b053ce1.jpg 503,327,621,389,0
ck0kn966blrt008482afk6mhy_jpeg.rf.504c45542762d924975d59b91a272b2f.jpg 168,329,369,383,0
ck0lx9h4ejxlm07213g6pz1n5_jpeg.rf.efb644d6917a547e53e50f56dff71ecf.jpg 87,307,164,353,0
ck0tyt8nmui9l0701fr3lsu7s_jpeg.rf.441fb04ca5acda7264c789a939efbe2b.jpg 180,319,238,387,0
ck0u15ceurp8s079478ps17by_jpeg.rf.68d19dbac307d4e153b1b214b76c9fcc.jpg 1,313,161,431,0
ck0lx5e5rhf4f0944ldgqzhf1_jpeg.rf.a97d8786edc062b99b3c85eac79f201b.jpg 123,284,170,376,0
ck0u12y7v75dn0848omjgbtgs_jpeg.rf.a915c073b6a8b8e6bfda89bd99c80424.jpg 224,288,263,319,0
ck0t3r291z3xb0a46a6hx1rak_jpeg.rf.deb5bd813c4d9622e40263dc93a56f13.jpg 177,308,245,388,0
ck0twbzbz6hga0848z3sx5lsi_jpeg.rf.5dc426664dfd5d929fd59d6fc7abdf17.jpg 310,200,585,337,0
ck0km3uktkdxc0a46uf6e417v_jpeg.rf.faf5ca959f41726ef1eeb93cfe65a737.jpg 219,276,256,319,0
ck0t592vckr6p07949h19oxce_jpeg.rf.3a390b48224ea91aa2b744e6fdf36dfa.jpg 500,325,585,391,0
ck0rp4r7382md0721515r9ll0_jpeg.rf.ca790545f23856fa8db50bf17f7fff72.jpg 392,314,608,394,0
ck0l8askp96bh0794bppil14t_jpeg.rf.da9bee0595897b43967c8abe0c2e8655.jpg 221,282,256,310,0
ck0u0fzglungw0944luype68g_jpeg.rf.ebc15b317d07f8b49591ff76d862aac3.jpg 178,272,206,304,0
ck0nf4ks0js7z0848cku0h6t5_jpeg.rf.d01defdefaee6e6ca1760dd50455d937.jpg 216,237,249,312,0
ck0ty797gwmyd0721weeb3b90_jpeg.rf.8f829c304abd5d8873512ce6d8a73ba3.jpg 398,255,552,325,0
ck0qbedgvf3qu08637yvo02cq_jpeg.rf.044525981aae27ec4fad2900c3a628c4.jpg 498,343,615,387,0
ck0u03onjuosl0701rhy18f7o_jpeg.rf.95465ab1f72909ef21e6d53195e01505.jpg 301,109,504,344,0
ck0nf4rw3093h0a886by1nwca_jpeg.rf.5f677021aa136aec3c7f0e684c0c6828.jpg 194,271,212,304,0
ck0rqlgco58j50838724x6rym_jpeg.rf.532e2cca52c75ad713ffd399c3923f3e.jpg 255,341,523,424,0
ck0m0etrphwjo0838r9wzd6ia_jpeg.rf.c5a76c53c2ca3b4ba3a3b8873657708e.jpg 90,306,210,354,0
ck0t7cnx9n84208386ufrbnj2_jpeg.rf.67086eb89d00ef002de72f4f23c70ff8.jpg 130,291,181,380,0
ck0qb93azjo480721ojf86ytj_jpeg.rf.8ce9334ea5189cae478012642b0c7ef8.jpg 179,275,209,296,0
ck0lyf2lnhyy10944t8eb842u_jpeg.rf.4294438b1a63f2eb92f6adfbac7ae7da.jpg 501,342,605,386,0
ck0t24ndxkug60863id6f8pfc_jpeg.rf.7b115a1aa396ea4964ccb188d5951094.jpg 495,335,637,388,0
ck0kcurm6j1k50a464wsovbw2_jpeg.rf.c39cd4b31661eb8a7fa499c39b4d87f8.jpg 127,296,172,376,0
ck0m0fi9vgpgr0794ibqomk6e_jpeg.rf.ffa844f85ac737ff9d3660a3568a4ef6.jpg 447,304,565,335,0
ck0kcqhwf4qtf0863lv432phe_jpeg.rf.7ad0eadc7fc9271a02e9de64540ef009.jpg 327,275,493,335,0
ck0t4pic2zxuv0848rp6npxiw_jpeg.rf.7abee1f57e6db36120ddc25e714cc87a.jpg 314,209,538,344,0
ck0nfrec983h90701yvzbsczw_jpeg.rf.77851eb9f37c889925a2fc951a29799e.jpg 413,258,555,326,0
ck0kmtk7c90w60944bjhqhm4j_jpeg.rf.a63e1ced0823482d7fab3a4c608d6340.jpg 270,276,310,321,0
ck0u0hs5pwywo0721zyjfy75h_jpeg.rf.e925d1f92df893a9d435fdbebe51861c.jpg 2,355,154,444,0
ck0tzxdcpslr10863f9172aju_jpeg.rf.ce7e007fc06bf14733d7787912d68582.jpg 329,280,433,329,0
ck0na55fy5b720701gr5xzev9_jpeg.rf.d120df607abf67e41eaf1222a931612d.jpg 310,229,414,335,0
ck0l9zam2nl6c0a46g4g3m6c4_jpeg.rf.1f4322bb4ca7d9a31e5040d16d8e4edb.jpg 553,284,621,379,0
ck0kck2czj0l10a46f6xkvofl_jpeg.rf.0df981467d850edb55eff2d50f2ef26f.jpg 164,343,207,371,0
ck0rp95tf2vg70794wbjk2kk3_jpeg.rf.991c65f05939b6e707c1c9750bd22402.jpg 182,325,242,395,0
ck0m1lu0nhb320863zyoofeiw_jpeg.rf.f3e9acf44ddc41435e82ceff014a5350.jpg 132,317,251,388,0
ck0txn3y1uaec0944bo6m4q6c_jpeg.rf.9da3f19e4f0db81b4029d8788ae046de.jpg 513,336,579,371,0
ck0kkep0vb0nz0721g3sq0a4g_jpeg.rf.2bd9753e557aaa6cf49286575c7caa47.jpg 325,277,397,332,0
ck0lwgsmatsrm0848br00vfki_jpeg.rf.e39e365daa972e004c354e8fd422b27f.jpg 173,311,239,388,0
ck0qc86fnk6ox0721cb5kg3tl_jpeg.rf.3647ec1d4de08250792ff759fa31692c.jpg 183,323,234,388,0
ck0u0p0aix0240721eyb5n57o_jpeg.rf.79df10b341b143a76285449f2d1834aa.jpg 159,218,412,422,0
ck0u0muhduoik0944fwbze43u_jpeg.rf.15bd4e8b5573b5951a149cc781d99140.jpg 118,225,193,379,0
ck0u0obru6f6u0a46axncdx9n_jpeg.rf.9a8821390fbf8206941b0a2f853b2ac7.jpg 129,291,170,376,0
ck0tyhb0zszbr0838w1dyisjw_jpeg.rf.8b28ed1d86f80dcc9e7b3b8f792b5560.jpg 277,283,306,321,0
ck0uklx72wly70701px5wl6fw_jpeg.rf.411a1fa965711f78be082261b474f4e5.jpg 325,271,517,337,0
ck0rqdyeq4kxa08633xv2wqe1_jpeg.rf.aaa47ae5350a40ec91d76c11d57db806.jpg 309,96,521,344,0
ck0txdhj9wk390721me7hmajn_jpeg.rf.0b499cd917a9574d5b821782162210af.jpg 271,285,366,320,0
ck0qd5yquiaiq07016q73qoz3_jpeg.rf.4749a1920e29844b3acc180fdec625a0.jpg 329,279,462,333,0
ck0t2pyk3l0ym08636r4hqnty_jpeg.rf.af35d5b61e01147cd84016abb9e3f9b5.jpg 304,256,426,335,0
ck0nevwgw73ne094401pqo8zp_jpeg.rf.a40436abd5dad78e5917fe7ed19584b4.jpg 193,267,298,315,0
ck0tyx4x7t16i0838grtlspkh_jpeg.rf.3b59350c1c69bf1a5977f245c8b6b8ce.jpg 280,337,525,423,0
ck0t2wfsipdoc07218586ezt0_jpeg.rf.a4cd21757770484fae5ce004e41caaac.jpg 305,57,502,348,0
ck0keo0re4xll086378211i65_jpeg.rf.ce8d487c64b1f5f710ee3303032e40ee.jpg 194,277,213,307,0
ck0m1mrauhbpe0863qyvhhrcx_jpeg.rf.46a2feebf8ba02fb49df1c24457d872d.jpg 262,347,524,427,0
ck0m1maf2vnl30a46vnjvga3r_jpeg.rf.1be61d54f2b0004d1401bc0e3b71ccc5.jpg 0,261,155,444,0
ck0km4pkh640f086302no99ma_jpeg.rf.01e865301a4bb996c158eea42dcf35a5.jpg 179,267,213,308,0
ck0qc8qkohujb0701aq2988oa_jpeg.rf.46a0b86d08cfda774cbcb091ae062cc8.jpg 5,367,157,448,0
ck0t3p707neqg07015rpuul6v_jpeg.rf.bc518b47950a7cb33a1fdd31f9459fdb.jpg 170,271,215,300,0
ck0qbu8qqenrd0794vafe93ht_jpeg.rf.909ae502fcc6f26ed362d4d43e63fa9a.jpg 273,280,307,319,0
ck0kfnjva6jp60838d6vqyxq2_jpeg.rf.9ee7b1b135f80c2c1e5f845f1b882df7.jpg 453,285,615,384,0
ck0rqjl29ibr20a46351u8ys5_jpeg.rf.a045ce892ddebbc51c6df99b39120a2f.jpg 164,307,518,401,0
ck0nftcfgka7e0848a9ie2b3b_jpeg.rf.59eb6d8b3d6fb24e80bd73c8712b2bd6.jpg 498,287,557,332,0
ck0rrpwlvj04d0a46r4th0cjf_jpeg.rf.b84569c4a2678785b079bd0b714ba1e6.jpg 222,287,255,316,0
ck0l8e146nb1h0a46oop6lane_jpeg.rf.cfe5b7b77da8a74175aa1072efbecbc0.jpg 31,335,164,433,0
ck0l9vmuparhg0838oe20j0bd_jpeg.rf.cead8c7f99ac36f2e0f30bd177e86e44.jpg 312,212,503,337,0
ck0ug28sbusje083872me6leq_jpeg.rf.da3e95c9112f20e220c8f211283bd0f6.jpg 387,285,467,327,0
ck0t2zodcyvqs0a46wwxb53xm_jpeg.rf.ebe8f6673c06e4b3c1ded8a240f0569e.jpg 231,271,307,319,0
ck0tzphn3t5by0838ge18vkq7_jpeg.rf.3eb09d926950f39828fbd9d40d30535d.jpg 205,212,252,319,0
ck0ukh756v4e308383pqia4e4_jpeg.rf.2c5dee73c55e740127a1a5fd66bc3153.jpg 216,271,311,320,0
ck0ncye0iiouc0848ostst7bq_jpeg.rf.c41740d7f527ef7b8ee244c8dc9380ea.jpg 325,296,419,336,0
ck0t713eblgyp0794dqo5edes_jpeg.rf.3332e5d4536b8338344c916d5fa51711.jpg 175,270,215,306,0
ck0u0nf3ftb7n083861jt62o2_jpeg.rf.a7abf735723a27d6bcf0a5f6ce07497a.jpg 493,258,637,338,0
ck0kdc75e4wgn0794wltgjwdw_jpeg.rf.72fce345fd71ffecc7aa0fbc3e213ac1.jpg 181,273,214,308,0
ck0t421swni18070115tymsht_jpeg.rf.f5df8264a57c505e55853a2516fd9f8b.jpg 455,260,535,323,0
ck0tzmo81wtq50721yer41mgt_jpeg.rf.c4362963d1b4d0213ad1e571044948d1.jpg 545,341,622,388,0
ck0u00wpmuoae0701e4j4rgq4_jpeg.rf.7f8df7b73c6f104cba2e4812087a545c.jpg 117,217,200,420,0
ck0u086m36ca30a46uxou346g_jpeg.rf.9e0106dcf3e40679f2d7e0f0f4716b70.jpg 445,307,514,336,0
ck0l9434gamzj0838n5rjdp1a_jpeg.rf.3d007cb4b2e97fce1920eccfa3266a7f.jpg 1,36,151,443,0
ck0u10zeh74ym0848ow29lc1l_jpeg.rf.4c8e7f426aa4b00738dfc0160415d46c.jpg 553,285,622,388,0
ck0u0gs1d71m70848obwsy04a_jpeg.rf.ecb897183890718442bbc44e7abbcb83.jpg 181,313,232,395,0
ck0qbaubof1z40863w0scvpra_jpeg.rf.55003fce8bf40030f854f67173fb6023.jpg 2,59,166,431,0
ck0lx3s62sysz0a46pq7rsuuw_jpeg.rf.7c287c3483ed201d9c9412f9ecaa7be2.jpg 461,259,540,325,0
ck0nabd8whgv30848prwciv2b_jpeg.rf.70d83585bc5df086766958d55f148764.jpg 221,280,273,309,0
ck0u13g18uv1x070166k2ew3t_jpeg.rf.693922a6e2c8e1e504a86eb6b530280e.jpg 196,213,251,319,0
ck0nfq2hsj1ro0a46o4gncg6r_jpeg.rf.e1b8252983e496a15aa96a5aace3585c.jpg 326,290,377,338,0
ck0twzaqtua2r0701hljesqvp_jpeg.rf.61f5f1227cd7264fa24b5c9443968197.jpg 62,295,271,389,0
ck0tt357asc4k0838zbkl0wrd_jpeg.rf.5becbd38c98a1594a99ab08ea3461c1f.jpg 108,255,193,423,0
ck0khttiojrab0a46z2tgb5rd_jpeg.rf.795f6280e0b64f9c574f84589b5b6527.jpg 75,305,263,387,0
ck0kcn7u1j0vk0a46lr8si8zl_jpeg.rf.8630b1ceb89afe36e7c14eae91fc0f43.jpg 95,302,250,386,0
ck0qdhfh1uks20848pclbrty6_jpeg.rf.7012b634e9be70e3c7fd726393d30622.jpg 453,310,546,334,0
ck0kd8g4e9zka0721qprbwtsa_jpeg.rf.04ac72d054d8603cc6583b69222c965f.jpg 195,273,215,303,0
ck0rp8d7p858s0721qrjixerv_jpeg.rf.5fdce684080a31116242735a10277aa0.jpg 190,272,212,299,0
ck0m14kd9vbfd0a46f2gcpvjf_jpeg.rf.f6cc3990e7631516570017bb785fec96.jpg 198,272,218,300,0
ck0lx7plvg1e50838ps3cuu9h_jpeg.rf.3dadb31e2ea27b80ecfcf97db1c2adf6.jpg 311,197,515,351,0
ck0txg39r6n250848puinmu6k_jpeg.rf.9903d92f874cb17899350fef79980b7e.jpg 281,288,306,321,0
ck0ujedh4wiln0701x3dugshl_jpeg.rf.855038dfb2200dcd00ae21a5f1e18c02.jpg 237,266,308,318,0
ck0l8di4xoje408487bsrbpj9_jpeg.rf.3da6ef0216cd45b99aed651f76c01a37.jpg 185,324,231,392,0
ck0lwirdeh6zk0944n5uj6q6i_jpeg.rf.243e5076cb046c03159f024de9fbe659.jpg 218,339,528,423,0
ck0kdhymna0b10721v4wntit8_jpeg.rf.fa4be1e339ba0948e5acc67affc0c94f.jpg 322,303,395,337,0
ck0t3r8twkazh0794uxyta3xz_jpeg.rf.ea3b4326b5537e854e99ba9bb57cf9db.jpg 386,361,521,428,0
ck0t2tlmmzfds0848mvj42ujg_jpeg.rf.a1874c5fc1d41ceaea0a6f9a0e98cd1d.jpg 307,179,549,344,0
ck0oulyr8sldl0838tkv3hqk8_jpeg.rf.dc59f1dc90b9c4703eb2c0603a56ce79.jpg 325,356,523,423,0
ck0l8bhz891hy086381o84nhd_jpeg.rf.8cd1abc3b7ff3a93322a593d9ca3b2d6.jpg 194,212,251,305,0
ck0t5k7tonwo20944nfnbqogm_jpeg.rf.8968c20889eb59428340631b03ee1dc7.jpg 502,335,635,389,0
ck0t4rrmsnjuy0944xt22ilg4_jpeg.rf.4890f7d1c52722f2fc16d2d68f290502.jpg 91,295,251,356,0
ck0ty5rb66pry08483lgrlmhz_jpeg.rf.710656fc3305bfec3de673530ca0c821.jpg 483,280,512,320,0
ck0twef0nu7ej0701ku08izg4_jpeg.rf.7fe356fbe608f075aa19c9c82f226f3a.jpg 287,291,309,320,0
ck0qc7df7fjr30863hqmtj5i3_jpeg.rf.418896c18823bf0e3dddfeecc6a8053d.jpg 184,273,213,296,0
ck0rp7ve43ul20863ldcq568m_jpeg.rf.9328bcb37dc2d9d85c3ddeedaa8b841f.jpg 164,321,465,395,0
ck0rr4nj43za20794o7o3btuw_jpeg.rf.e63dd2956de58b5ec678830da4276ddd.jpg 308,81,511,344,0
ck0lx8c34u38a08480v1hz7dz_jpeg.rf.8f4b21c6e5c82c438ef49bcaa86eecd7.jpg 312,62,490,354,0
ck0nf3wev47fm0794xfr1xuhs_jpeg.rf.18173200385cb842ea5ff1f009c9af1d.jpg 220,271,257,316,0
ck0t1qg3kyft90a46nddriu6k_jpeg.rf.0b7d35d9878611a2b5bc338e803de33f.jpg 165,268,214,301,0
ck0kow7lga3y30701f2yvt2b2_jpeg.rf.a4ceed9b0a5da877d44f3825970630ef.jpg 317,120,496,344,0
ck0qdgpy2ksso0721wbiaedz7_jpeg.rf.a3a9d75ac206adbacee686a5604392b5.jpg 266,276,309,319,0
ck0twwuxz6k9i0848br68e8wm_jpeg.rf.149cb2200ad20716425c7452a712b803.jpg 190,272,208,305,0
ck0twvs9zu5t00944ltnvijnz_jpeg.rf.f883e336a2008fd6049ddee3bc60a2c0.jpg 164,340,218,375,0
ck0tyq31o6ryb08488lus3geb_jpeg.rf.e74742954095db4625fb2d4642b2fbd2.jpg 178,272,211,299,0
ck0qd6v51ib0j0701sf2wolfq_jpeg.rf.0ae32cc48dac59f5ee48100c9febe2c3.jpg 486,261,514,303,0
ck0nfz8fe60yr0838az9x331y_jpeg.rf.d3713a5c901e099b5f6ced8c2d25e375.jpg 312,179,520,339,0
ck0u96z1nxzlx0721hdcmet81_jpeg.rf.ea4aceacb6e7b52447ab15ec2fd4938c.jpg 497,324,635,388,0
ck0lwextoec1a0863lou65q4l_jpeg.rf.744859befa5d5a8a5b88466d7224e86e.jpg 173,271,210,295,0
ck0ngmuykjkh80a46a5qzv263_jpeg.rf.856a1539b4a2818b62424e23b5d952c4.jpg 189,272,211,300,0
ck0ndxi6w6j5f0944tbx465xr_jpeg.rf.a97d7d4b6c1f1ef41d1c8b08abdace0f.jpg 237,343,525,424,0
ck0tswxwqqmau0794imifdgnh_jpeg.rf.8a615504f78d5a200aaf4b2cf83a75b4.jpg 196,273,213,304,0
ck0tz7lcnugfi0944xj04x69y_jpeg.rf.e83a0623c2d86eac00619877f856bb0a.jpg 316,200,540,344,0
ck0t6c6eg0n3m08483m1afytd_jpeg.rf.11ee57a8d72afa08bb73eaca478a5213.jpg 309,213,435,335,0
ck0qc6vn5htmh07016mtpli3w_jpeg.rf.918b593d25cb557a02d9ad6d8aa0a50c.jpg 166,320,424,392,0
ck0lwlv9fjpfg07217xwy7qne_jpeg.rf.923daa42803883c82935200226b0b085.jpg 320,272,507,335,0
ck0t5n2jlkxuc07940mygjo8f_jpeg.rf.4a8dfb979258349f6b0af6365a221339.jpg 0,96,163,431,0
ck0tsxz1ztogc09443ljv0w9n_jpeg.rf.fc9ab2abd63a859f9295461d1373a7ad.jpg 177,274,211,298,0
ck0ow39yt6j650a4633r8lu2g_jpeg.rf.b0fd9ebe7d2932c9c4258f0e622f8ffd.jpg 193,284,210,312,0
ck0lxa18hic880701ux5axl97_jpeg.rf.00748bd595492363ef05f980cb831719.jpg 445,308,555,335,0
ck0rqflbw4lvd0863gyi0mzp1_jpeg.rf.90862c6eb05b5fb73bdc684563ea9cf5.jpg 253,268,310,317,0
ck0km4hlk63zp0863ur0owhkg_jpeg.rf.61a5758080414994b041127fc10d6100.jpg 206,210,256,318,0
ck0kkthj17c9g0838c3vjfndl_jpeg.rf.2bd68ffab17a26c9415263b1fad65646.jpg 96,291,362,361,0
ck0qbnoibg4ip0838na1tnqe8_jpeg.rf.a710cd1adc39085146bf574d38b8eff4.jpg 398,254,544,322,0
ck0twempn5ur80a462q4bosuo_jpeg.rf.78ae6f41cfba9ee47026ca235de50c6f.jpg 442,296,547,335,0
ck0rpimt3ifig0848hijlm44t_jpeg.rf.9e14801512951bd35e81125c2d9f971e.jpg 127,243,211,423,0
ck0na2ozl2ejz08633ausfi26_jpeg.rf.b1601ce09891087416da8b057f4c3dff.jpg 399,263,463,328,0
ck0khrpvr6w7p08381txzz4na_jpeg.rf.a35c667d46e35dfab289af8da33f3a81.jpg 191,272,215,307,0
ck0rql046icek0a462kapdu97_jpeg.rf.226886bf2d6745da746f5920086f8dfa.jpg 2,341,154,444,0
ck0tt28fjsc1i0838s2ji5dhe_jpeg.rf.29abfd79f4887fe61c72993f82ce40b7.jpg 426,264,550,319,0
ck0rr7nhf6w970944cb2nnlih_jpeg.rf.045c403b090c49366addbf90a651b45e.jpg 540,287,618,383,0
ck0kcbvwl4tja0794csyimfqu_jpeg.rf.cea7102654a5680b21579ef9f01a2bfd.jpg 499,281,614,379,0
ck0tyvz1p6ssd0848z1brl0fl_jpeg.rf.86732d85211e9cb478386a968c4e5356.jpg 1,70,160,446,0
ck0ug2o6ku8b708632bp2y2zn_jpeg.rf.468c9ccdc9ce715a0271d6cb5222942f.jpg 113,247,228,425,0
ck0kcljocj0qo0a46rzj3y211_jpeg.rf.b037662f84baddd46297435c52f695db.jpg 177,276,212,304,0
ck0t2kogeyqy50a46u6e56yb9_jpeg.rf.48597424782580e24fbf57deed1371f2.jpg 139,207,418,419,0
ck0t5tq5hmo8508389vjkpile_jpeg.rf.a96a110fdc6156f9eb6854c833914667.jpg 401,259,473,333,0
ck0kkywt08q2d0944abjjfi8q_jpeg.rf.b8801ad65a5478f909a26575ac1f8bd8.jpg 177,272,211,308,0
ck0m1643sidi5083850vpmnkb_jpeg.rf.7cc2cc146ceb6053ecc9deabb9884f06.jpg 194,275,211,299,0
ck0tzpygswuae0721bhuvjofj_jpeg.rf.0c7ad5ea33d38bde78a64eb0ee39a284.jpg 170,326,439,382,0
ck0tzjni6sjt50863e6a6a8fl_jpeg.rf.cd35b3db605cf2960caaaeefe5aefc50.jpg 270,279,309,320,0
ck0lyhdgvtl1m0a46g6vawhau_jpeg.rf.71dc7bbfc788467c540cd335074b8fb9.jpg 126,228,251,415,0
ck0kkzh767dc70838hdq9sv4u_jpeg.rf.df7bc69c7320a32132033106f16c5606.jpg 50,365,160,431,0